NAME,Id,FPL,layer,theta,toff,tcal,qped,qcal,adc_geo,adc_ch,tdc_geo,tdc_ch
NaI0,0,8,1,150.4,9999,0.0977,-999,0,10,0,6,0
NaI1,1,8,1,150.72,9999,0.0977,-999,0,10,1,6,1
NaI2,2,8,1,150.39,9999,0.0977,-999,0,10,2,6,2
NaI3,3,8,1,150.32,9999,0.0977,-999,0,10,3,6,3
NaI4,4,8,1,150.9,0,0.0977,-645.8,5.445,10,4,6,4
NaI5,5,8,1,150.62,9999,0.0977,-999,0,10,5,6,5
NaI6,6,8,1,144.91,9999,0.0977,-999,0,10,6,6,6
NaI7,7,8,1,144.69,0,0.0977,-281.84,2.578,10,7,6,7
NaI8,8,8,1,145.25,0,0.0977,-313.631,2.753,10,8,6,8
NaI9,9,8,1,145.28,0,0.0977,-330.248,2.934,10,9,6,9
NaI10,10,8,2,145.16,0,0.0977,-271.3,2.372,10,10,6,10
NaI11,11,8,2,145.49,0,0.0977,-281.509,2.779,10,11,6,11
NaI12,12,8,2,131.48,0,0.0977,-328.719,2.769,10,12,6,12
NaI13,13,8,2,131.8,0,0.0977,-383.246,3.098,10,13,6,13
NaI14,14,8,2,131.62,0,0.0977,-251.566,2.788,10,14,6,14
NaI15,15,8,2,131.15,0,0.0977,-370.384,2.936,10,15,6,15
NaI16,16,8,2,131.74,0,0.0977,-333.117,2.749,10,16,6,16
NaI17,17,8,2,131.59,0,0.0977,-295.6,2.671,10,17,6,17
NaI18,18,8,2,131.29,0,0.0977,-300.169,2.523,10,18,6,18
NaI19,19,8,2,131.31,0,0.0977,-286.811,2.588,10,19,6,19
NaI20,20,8,3,117.38,0,0.0977,-291.262,2.85,10,20,6,20
NaI21,21,8,3,117.35,0,0.0977,-278.505,2.817,10,21,6,21
NaI22,22,8,3,117.34,0,0.0977,-262.886,2.403,10,22,6,22
NaI23,23,8,3,117.36,0,0.0977,-161.9,1.157,10,23,6,23
NaI24,24,8,3,117.33,0,0.0977,-230.349,2.781,10,24,6,24
NaI25,25,8,3,117.3,0,0.0977,-357.298,3.295,10,25,6,25
NaI26,26,8,3,117.17,0,0.0977,-250.185,2.554,10,26,6,26
NaI27,27,8,3,117.06,0,0.0977,-242.159,2.633,10,27,6,27
NaI28,28,8,3,117.14,0,0.0977,-245.959,2.532,10,28,6,28
NaI29,29,8,3,117.5,0,0.0977,-389.708,2.883,10,29,6,112
NaI30,30,8,3,107.16,0,0.0977,-291.849,2.839,10,30,6,30
NaI31,31,8,3,107.06,0,0.0977,-199.7,2.627,10,31,6,31
NaI32,32,8,4,107.3,0,0.0977,-332.575,2.897,11,0,6,32
NaI33,33,8,4,107.15,0,0.0977,-328.742,2.795,11,1,6,33
NaI34,34,8,4,107.22,0,0.0977,-255.544,2.739,11,2,6,34
NaI35,35,8,4,107.19,0,0.0977,-284.394,2.902,11,3,6,35
NaI36,36,8,4,107.26,0,0.0977,-359.728,2.81,11,4,6,36
NaI37,37,8,4,107.36,0,0.0977,-224.022,2.538,11,5,6,37
NaI38,38,8,4,107.24,0,0.0977,-302.912,2.878,11,6,6,38
NaI39,39,8,4,107.26,9999,0.0977,-999,0,11,7,6,39
NaI40,40,8,4,95.83,0,0.0977,-265.43,2.85,11,8,6,40
NaI41,41,8,4,95.73,0,0.0977,-299.838,2.846,11,9,6,41
NaI42,42,8,4,95.89,0,0.0977,-293.272,2.71,11,10,6,42
NaI43,43,8,4,96.07,0,0.0977,-295.938,2.788,11,11,6,43
NaI44,44,8,4,95.66,0,0.0977,-276.979,2.522,11,12,6,44
NaI45,45,8,4,95.76,0,0.0977,-308.657,2.985,11,13,6,45
NaI46,46,8,5,95.91,0,0.0977,-349.428,2.97,11,14,6,46
NaI47,47,8,5,95.84,0,0.0977,-312.87,2.828,11,15,6,47
NaI48,48,8,5,95.77,0,0.0977,-330.523,3.042,11,16,6,48
NaI49,49,8,5,95.58,0,0.0977,-273.455,2.524,11,17,6,49
NaI50,50,8,5,95.85,0,0.0977,-351.954,3.065,11,18,6,50
NaI51,51,8,5,95.94,0,0.0977,-189.42,2.48,11,19,6,51
NaI52,52,8,5,86.11,0,0.0977,-386.601,2.909,11,20,6,52
NaI53,53,8,5,86.18,0,0.0977,-256.665,2.762,11,21,6,53
NaI54,54,8,5,86.11,0,0.0977,-233.532,2.588,11,22,6,54
NaI55,55,8,5,86.21,0,0.0977,-225.89,2.559,11,23,6,55
NaI56,56,8,5,86.32,0,0.0977,-311.237,3.156,11,24,6,56
NaI57,57,8,5,85.99,0,0.0977,-287.055,2.594,11,25,6,57
NaI58,58,8,5,86.2,0,0.0977,-299.731,2.594,11,26,6,58
NaI59,59,8,5,86.22,0,0.0977,-311.362,2.864,11,27,6,59
NaI60,60,8,5,86.21,0,0.0977,-368.657,3.105,11,28,6,60
NaI61,61,8,5,86.18,0,0.0977,-290.345,2.759,11,29,6,61
NaI62,62,8,5,86.18,0,0.0977,-196.461,2.422,11,30,6,62
NaI63,63,8,5,86.17,9999,0.0977,-999,0,11,31,6,113
NaI64,64,8,5,86.33,0,0.0977,-291.867,2.619,12,0,6,64
NaI65,65,8,5,86.25,0,0.0977,-338.2,3.323,12,1,6,65
NaI66,66,8,6,78.01,0,0.0977,-278.815,2.713,12,2,6,66
NaI67,67,8,6,77.89,0,0.0977,-286.296,2.634,12,3,6,67
NaI68,68,8,6,77.78,0,0.0977,-269.635,2.894,12,4,6,68
NaI69,69,8,6,78.02,0,0.0977,-294.737,2.681,12,5,6,69
NaI70,70,8,6,77.94,0,0.0977,-299.247,2.791,12,6,6,70
NaI71,71,8,6,77.85,0,0.0977,-359.652,3.034,12,7,6,71
NaI72,72,8,6,77.82,0,0.0977,-327.624,2.848,12,8,6,72
NaI73,73,8,6,77.83,0,0.0977,-241.02,2.85,12,9,6,73
NaI74,74,8,6,77.92,0,0.0977,-352.486,3.006,12,10,6,74
NaI75,75,8,6,77.93,0,0.0977,-213.595,2.5,12,11,6,75
NaI76,76,8,6,77.84,0,0.0977,-330.119,2.807,12,12,6,76
NaI77,77,8,6,77.81,0,0.0977,-272.719,2.86,12,13,6,77
NaI78,78,8,6,78.03,0,0.0977,-330.184,2.771,12,14,6,114
NaI79,79,8,6,77.89,0,0.0977,-394.174,2.935,12,15,6,79
NaI80,80,8,6,68.4,0,0.0977,-414.862,2.962,12,16,6,80
NaI81,81,8,6,68.67,0,0.0977,-289.672,2.764,12,17,6,115
NaI82,82,8,6,68.46,0,0.0977,-263.891,2.67,12,18,6,82
NaI83,83,8,6,68.4,0,0.0977,-336.167,2.754,12,19,6,83
NaI84,84,8,6,68.45,0,0.0977,-278.603,2.837,12,20,6,84
NaI85,85,8,6,68.55,0,0.0977,-331.569,2.788,12,21,6,85
NaI86,86,8,7,68.49,0,0.0977,-264.092,2.69,12,22,6,86
NaI87,87,8,7,68.45,0,0.0977,-320.049,2.83,12,23,6,87
NaI88,88,8,7,68.25,0,0.0977,-357.552,3.039,12,24,6,88
NaI89,89,8,7,68.63,0,0.0977,-337.448,2.71,12,25,6,89
NaI90,90,8,7,68.36,0,0.0977,-321.848,2.553,12,26,6,90
NaI91,91,8,7,68.3,0,0.0977,-322.369,2.622,12,27,6,91
NaI92,92,8,7,68.46,0,0.0977,-302.416,2.835,12,28,6,92
NaI93,93,8,7,68.38,0,0.0977,-295.279,2.658,12,29,6,93
NaI94,94,8,7,58.71,0,0.0977,-332.082,3.031,12,30,6,94
NaI95,95,8,7,58.84,0,0.0977,-342.504,3.061,12,31,6,95
NaI96,96,8,7,58.81,0,0.0977,-309.337,2.814,13,0,6,96
NaI97,97,8,7,58.86,0,0.0977,-362.37,2.835,13,1,6,97
NaI98,98,8,7,58.91,0,0.0977,-349.341,3.013,13,2,6,98
NaI99,99,8,7,58.72,0,0.0977,-359.936,3.135,13,3,6,99
NaI100,100,8,7,58.81,0,0.0977,-257.8,2.66,13,4,6,100
NaI101,101,8,7,58.72,0,0.0977,-371.573,2.981,13,5,6,101
NaI102,102,8,7,58.44,0,0.0977,-298.291,2.756,13,6,6,102
NaI103,103,8,7,58.61,0,0.0977,-298.298,2.704,13,7,6,103
NaI104,104,8,7,58.83,0,0.0977,-439.725,2.991,13,8,6,104
NaI105,105,8,7,58.6,0,0.0977,-270.719,2.437,13,9,6,105
NaI106,106,8,8,58.67,0,0.0977,-296.954,3.009,13,10,6,106
NaI107,107,8,8,58.55,0,0.0977,-294.688,2.995,13,11,6,107
NaI108,108,8,8,50.34,0,0.0977,-264.851,2.806,13,12,6,108
NaI109,109,8,8,50.21,0,0.0977,-298.875,2.666,13,13,6,109
NaI110,110,8,8,50.32,0,0.0977,-415.2,2.925,13,14,6,110
NaI111,111,8,8,50.15,0,0.0977,-237.254,2.389,13,15,6,111
NaI112,112,8,8,50.13,0,0.0977,-314.872,2.814,13,16,8,0
NaI113,113,8,8,50.14,0,0.0977,-349.238,2.838,13,17,8,1
NaI114,114,8,8,50.17,0,0.0977,-307.599,2.895,13,18,8,2
NaI115,115,8,8,50.23,0,0.0977,-319.269,2.681,13,19,8,3
NaI116,116,8,8,50.12,0,0.0977,-260.282,2.513,13,20,8,4
NaI117,117,8,8,50.26,0,0.0977,-305.657,2.643,13,21,8,5
NaI118,118,8,8,49.95,0,0.0977,-250.887,2.551,13,22,8,6
NaI119,119,8,8,50.01,0,0.0977,-306.663,2.647,13,23,8,7
NaI120,120,8,8,50.54,0,0.0977,-308.168,2.682,13,24,8,8
NaI121,121,8,8,50.4,0,0.0977,-281.567,2.666,13,25,8,9
NaI122,122,8,8,44.65,0,0.0977,-279,2.799,13,26,8,10
NaI123,123,8,8,43.74,0,0.0977,-999,0,13,27,8,11
NaI124,124,8,8,44.13,0,0.0977,-999,0,13,28,8,12
NaI125,125,8,8,44.24,0,0.0977,-999,0,13,29,8,13
NaI126,126,8,8,44.4,0,0.0977,-999,0,17,6,6,118
NaI127,127,8,8,44.02,0,0.0977,-999,0,13,31,8,15
NaI128,128,8,8,43.86,0,0.0977,-312.7,2.679,14,0,8,16
NaI129,129,8,8,44.61,0,0.0977,-359.6,2.656,14,1,8,17
NaI130,130,8,8,39.87,0,0.0977,-999,0,14,2,8,18
NaI131,131,8,8,41.19,0,0.0977,-344.4,3.028,14,3,8,19
NaI132,132,8,8,39.6,0,0.0977,-999,0,14,4,8,20
NaI133,133,8,8,41.98,0,0.0977,-349.769,3.078,14,5,8,21
NaI134,134,8,9,39.71,0,0.0977,-361.4,2.921,14,6,8,22
NaI135,135,8,9,39.77,0,0.0977,-465.943,3.786,14,7,8,23
NaI136,136,8,9,41.66,0,0.0977,-389.196,2.948,14,8,8,24
NaI137,137,8,9,40.33,0,0.0977,-436.064,3.072,14,9,8,25
NaI138,138,8,9,41.38,0,0.0977,-459.9,3.153,14,10,8,26
NaI139,139,8,9,39.61,0,0.0977,-402.179,3.065,14,11,8,27
NaI140,140,8,9,39.92,0,0.0977,-337.7,2.641,14,12,8,28
NaI141,141,8,9,41.06,0,0.0977,-384.94,2.956,14,13,8,29
NaI142,142,8,9,39.85,0,0.0977,-481.774,2.926,14,14,8,30
NaI143,143,8,9,41.88,0,0.0977,-531.1,3.58,14,15,8,31
NaI144,144,8,9,39.72,0,0.0977,-343.1,2.725,14,16,8,32
NaI145,145,8,9,39.66,0,0.0977,-279.9,2.512,14,17,8,33
NaI146,146,8,9,41.85,0,0.0977,-395.1,2.834,14,18,8,34
NaI147,147,8,9,39.75,0,0.0977,-346.197,2.778,14,19,8,35
NaI148,148,8,9,41.01,0,0.0977,-318.876,2.599,14,20,8,36
NaI149,149,8,9,40.02,0,0.0977,-314.9,2.772,14,21,8,37
NaI150,150,8,9,34.77,0,0.0977,-321.352,2.468,14,22,8,38
NaI151,151,8,9,35.28,0,0.0977,-318.304,2.84,14,23,8,39
NaI152,152,8,9,35.24,0,0.0977,-322.595,2.661,14,24,8,40
NaI153,153,8,9,34.77,0,0.0977,-367.612,2.676,14,25,8,41
NaI154,154,8,9,34.17,0,0.0977,-284.6,2.445,17,7,6,119
NaI155,155,8,9,35.17,0,0.0977,-381.08,2.852,14,27,8,43
NaI156,156,8,9,35.29,0,0.0977,-377.371,2.524,14,28,8,44
NaI157,157,8,9,34.37,0,0.0977,-342.701,2.692,14,29,8,45
NaI158,158,8,9,34.8,0,0.0977,-332.231,2.583,17,8,8,112
NaI159,159,8,9,35.23,0,0.0977,-344.87,2.726,14,31,8,47
NaI160,160,8,9,35.2,0,0.0977,-229.178,2.783,15,0,8,48
NaI161,161,8,9,34.5,0,0.0977,-291.844,2.644,15,1,8,49
NaI162,162,8,10,34.59,0,0.0977,-273.386,2.71,15,2,8,50
NaI163,163,8,10,35.46,0,0.0977,-247.541,2.914,15,3,8,51
NaI164,164,8,10,35.32,0,0.0977,-165.239,2.377,15,4,8,52
NaI165,165,8,10,34.45,0,0.0977,-229.17,2.37,15,5,8,53
NaI166,166,8,10,27.87,0,0.0977,-316.669,2.822,15,6,8,54
NaI167,167,8,10,28.36,0,0.0977,-300.316,3.209,15,7,8,55
NaI168,168,8,10,27.82,0,0.0977,-248.392,2.466,15,8,8,56
NaI169,169,8,10,27.87,0,0.0977,-191.784,2.381,15,9,8,57
NaI170,170,8,10,28.3,0,0.0977,-253.044,2.496,15,10,8,58
NaI171,171,8,10,27.86,0,0.0977,-249.302,2.684,15,11,8,59
NaI172,172,8,10,28.26,0,0.0977,-254.042,2.778,15,12,8,60
NaI173,173,8,10,28.29,0,0.0977,-268.581,2.518,15,13,8,61
NaI174,174,8,10,27.86,0,0.0977,-278.185,2.548,15,14,8,62
NaI175,175,8,10,27.91,0,0.0977,-258.306,2.455,15,15,8,63
NaI176,176,8,10,28.22,0,0.0977,-452.8,2.873,15,16,8,64
NaI177,177,8,10,27.77,0,0.0977,-271.135,2.571,15,17,8,65
NaI178,178,8,10,19.91,0,0.0977,-303.316,2.772,15,18,8,66
NaI179,179,8,10,19.97,0,0.0977,-178.144,2.529,15,19,8,67
NaI180,180,8,10,19.96,0,0.0977,-388.2,2.923,15,20,8,68
NaI181,181,8,10,19.87,0,0.0977,-302.728,2.872,15,21,8,69
NaI182,182,8,10,19.98,0,0.0977,-265.227,2.857,15,22,8,70
NaI183,183,8,10,20.09,0,0.0977,-348.208,2.809,15,23,8,71
NaI184,184,8,10,19.9,0,0.0977,-306.639,2.774,15,24,8,72
NaI185,185,8,10,19.83,0,0.0977,-200.24,2.259,15,25,8,73
NaI186,186,8,10,12,0,0.0977,-196.82,0,15,26,8,74
NaI187,187,8,10,12,0,0.0977,-196.82,0,15,27,8,75
NaI188,188,8,10,12,0,0.0977,-196.82,0,15,28,8,76
NaI189,189,8,10,12,0,0.0977,-196.82,0,15,29,8,77
NaI190,190,8,10,12,0,0.0977,-196.82,0,17,9,8,113
NaI191,191,8,10,12,0,0.0977,-196.82,0,17,10,8,114
NaI192,192,8,10,12,0,0.0977,-196.82,0,16,0,8,80
NaI193,193,8,10,12,0,0.0977,-196.82,0,16,1,8,81
NaI194,194,8,10,12,0,0.0977,-196.82,0,16,2,8,82
NaI195,195,8,10,12,0,0.0977,-196.82,0,16,3,8,83
NaI196,196,8,10,12,0,0.0977,-196.82,0,16,4,8,84
NaI197,197,8,10,12,0,0.0977,-196.82,0,16,5,8,85
NaI198,198,8,10,12,0,0.0977,-196.82,0,16,6,8,86
NaI199,199,8,10,12,0,0.0977,-196.82,0,16,7,8,117
NaI200,200,8,10,12,0,0.0977,-196.82,0,16,8,8,88
NaI201,201,8,10,12,0,0.0977,-196.82,0,16,9,8,89
NaI202,202,8,10,12,0,0.0977,-196.82,0,16,10,8,90
NaI203,203,8,10,12,0,0.0977,-196.82,0,16,11,8,91
NaI204,204,8,10,12,0,0.0977,-196.82,0,16,12,8,92
NaI205,205,8,10,12,0,0.0977,-196.82,0,16,13,8,93
NaI206,206,8,10,12,0,0.0977,-196.82,0,16,14,8,94
NaI207,207,8,10,12,0,0.0977,-196.82,0,16,15,8,95
NaI208,208,8,10,12,0,0.0977,-196.82,0,16,16,8,96
NaI209,209,8,10,12,0,0.0977,-196.82,0,16,17,8,97
NaI210,210,8,10,12,0,0.0977,-196.82,0,16,18,8,98
NaI211,211,8,10,12,0,0.0977,-196.82,0,17,12,8,116
NaI212,212,8,10,12,0,0.0977,-196.82,0,16,20,8,100
NaI213,213,8,10,12,0,0.0977,-196.82,0,16,21,8,101
NaI214,214,8,10,12,0,0.0977,-196.82,0,16,22,8,102
NaI215,215,8,10,12,0,0.0977,-196.82,0,16,23,8,103
NaI216,216,8,10,12,0,0.0977,-196.82,0,17,11,8,115
NaI217,217,8,10,12,0,0.0977,-196.82,0,16,25,8,105
NaI218,218,8,10,12,0,0.0977,-196.82,0,16,26,8,106
NaI219,219,8,10,12,0,0.0977,-196.82,0,16,27,8,107
NaI220,220,8,10,12,0,0.0977,-196.82,0,16,28,8,108
NaI221,221,8,10,12,0,0.0977,-196.82,0,16,29,8,109
NaI222,222,8,10,12,0,0.0977,-196.82,0,16,30,8,110
NaI223,223,8,10,12,0,0.0977,-196.82,0,16,31,8,111
NaI224,224,8,10,12,0,0.0977,-196.82,0,17,4,6,116
NaI225,225,8,10,12,0,0.0977,-196.82,0,17,5,6,117
NaI226,226,8,11,12,0,0.0977,-196.82,0,9,0,6,127
NaI227,227,8,11,12,0,0.0977,-196.82,0,9,0,8,127
