12,   1, 2 13  21  10   0,  2 13  22   6   0,  2 13  22   6 128 ; DALI   1
12,   2, 2 13  21  10   1,  2 13  22   6   1,  2 13  22   6 129 ; DALI   2
12,   3, 2 13  21  10   2,  2 13  22   6   2,  2 13  22   6 130 ; DALI   3
12,   4, 2 13  21  10   3,  2 13  22   6   3,  2 13  22   6 131 ; DALI   4
12,   5, 2 13  21  10   4,  2 13  22   6   4,  2 13  22   6 132 ; DALI   5
12,   6, 2 13  21  10   5,  2 13  22   6   5,  2 13  22   6 133 ; DALI   6
12,   7, 2 13  21  10   6,  2 13  22   6   6,  2 13  22   6 134 ; DALI   7
12,   8, 2 13  21  10   7,  2 13  22   6   7,  2 13  22   6 135 ; DALI   8
12,   9, 2 13  21  10   8,  2 13  22   6   8,  2 13  22   6 136 ; DALI   9
12,  10, 2 13  21  10   9,  2 13  22   6   9,  2 13  22   6 137 ; DALI  10
12,  11, 2 13  21  10  10,  2 13  22   6  10,  2 13  22   6 138 ; DALI  11
12,  12, 2 13  21  10  11,  2 13  22   6  11,  2 13  22   6 139 ; DALI  12
12,  13, 2 13  21  10  12,  2 13  22   6  12,  2 13  22   6 140 ; DALI  13
12,  14, 2 13  21  10  13,  2 13  22   6  13,  2 13  22   6 141 ; DALI  14
12,  15, 2 13  21  10  14,  2 13  22   6  14,  2 13  22   6 142 ; DALI  15
12,  16, 2 13  21  10  15,  2 13  22   6  15,  2 13  22   6 143 ; DALI  16
12,  17, 2 13  21  10  16,  2 13  22   6  16,  2 13  22   6 144 ; DALI  17
12,  18, 2 13  21  10  17,  2 13  22   6  17,  2 13  22   6 145 ; DALI  18
12,  19, 2 13  21  10  18,  2 13  22   6  18,  2 13  22   6 146 ; DALI  19
12,  20, 2 13  21  10  19,  2 13  22   6  19,  2 13  22   6 147 ; DALI  20
12,  21, 2 13  21  10  20,  2 13  22   6  20,  2 13  22   6 148 ; DALI  21
12,  22, 2 13  21  10  21,  2 13  22   6  21,  2 13  22   6 149 ; DALI  22
12,  23, 2 13  21  10  22,  2 13  22   6  22,  2 13  22   6 150 ; DALI  23
12,  24, 2 13  21  10  23,  2 13  22   6  23,  2 13  22   6 151 ; DALI  24
12,  25, 2 13  21  10  24,  2 13  22   6  24,  2 13  22   6 152 ; DALI  25
12,  26, 2 13  21  10  25,  2 13  22   6  25,  2 13  22   6 153 ; DALI  26
12,  27, 2 13  21  10  26,  2 13  22   6  26,  2 13  22   6 154 ; DALI  27
12,  28, 2 13  21  10  27,  2 13  22   6  27,  2 13  22   6 155 ; DALI  28
12,  29, 2 13  21  10  28,  2 13  22   6  28,  2 13  22   6 156 ; DALI  29
12,  30, 2 13  21  10  29,  2 13  22   6  29,  2 13  22   6 157 ; DALI  30
12,  31, 2 13  21  10  30,  2 13  22   6  30,  2 13  22   6 158 ; DALI  31
12,  32, 2 13  21  10  31,  2 13  22   6  31,  2 13  22   6 159 ; DALI  32
12,  33, 2 13  21  11   0,  2 13  22   6  32,  2 13  22   6 160 ; DALI  33
12,  34, 2 13  21  11   1,  2 13  22   6  33,  2 13  22   6 161 ; DALI  34
12,  35, 2 13  21  11   2,  2 13  22   6  34,  2 13  22   6 162 ; DALI  35
12,  36, 2 13  21  11   3,  2 13  22   6  35,  2 13  22   6 163 ; DALI  36
12,  37, 2 13  21  11   4,  2 13  22   6  36,  2 13  22   6 164 ; DALI  37
12,  38, 2 13  21  11   5,  2 13  22   6  37,  2 13  22   6 165 ; DALI  38
12,  39, 2 13  21  11   6,  2 13  22   6  38,  2 13  22   6 166 ; DALI  39
12,  40, 2 13  21  11   7,  2 13  22   6  39,  2 13  22   6 167 ; DALI  40
12,  41, 2 13  21  11   8,  2 13  22   6  40,  2 13  22   6 168 ; DALI  41
12,  42, 2 13  21  11   9,  2 13  22   6  41,  2 13  22   6 169 ; DALI  42
12,  43, 2 13  21  11  10,  2 13  22   6  42,  2 13  22   6 170 ; DALI  43
12,  44, 2 13  21  11  11,  2 13  22   6  43,  2 13  22   6 171 ; DALI  44
12,  45, 2 13  21  11  12,  2 13  22   6  44,  2 13  22   6 172 ; DALI  45
12,  46, 2 13  21  11  13,  2 13  22   6  45,  2 13  22   6 173 ; DALI  46
12,  47, 2 13  21  11  14,  2 13  22   6  46,  2 13  22   6 174 ; DALI  47
12,  48, 2 13  21  11  15,  2 13  22   6  47,  2 13  22   6 175 ; DALI  48
12,  49, 2 13  21  11  16,  2 13  22   6  48,  2 13  22   6 176 ; DALI  49
12,  50, 2 13  21  11  17,  2 13  22   6  49,  2 13  22   6 177 ; DALI  50
12,  51, 2 13  21  11  18,  2 13  22   6  50,  2 13  22   6 178 ; DALI  51
12,  52, 2 13  21  11  19,  2 13  22   6  51,  2 13  22   6 179 ; DALI  52
12,  53, 2 13  21  11  20,  2 13  22   6  52,  2 13  22   6 180 ; DALI  53
12,  54, 2 13  21  15  27,  2 13  22   8  75,  2 13  22   8 203 ; DALI  54
12,  55, 2 13  21  11  22,  2 13  22   6  54,  2 13  22   6 182 ; DALI  55
12,  56, 2 13  21  11  23,  2 13  22   6  55,  2 13  22   6 183 ; DALI  56
12,  57, 2 13  21  11  24,  2 13  22   6  56,  2 13  22   6 184 ; DALI  57
12,  58, 2 13  21  11  25,  2 13  22   6  57,  2 13  22   6 185 ; DALI  58
12,  59, 2 13  21  11  26,  2 13  22   6  58,  2 13  22   6 186 ; DALI  59
12,  60, 2 13  21  11  27,  2 13  22   6  59,  2 13  22   6 187 ; DALI  60
12,  61, 2 13  21  11  28,  2 13  22   6  60,  2 13  22   6 188 ; DALI  61
12,  62, 2 13  21  11  29,  2 13  22   6  61,  2 13  22   6 189 ; DALI  62
12,  63, 2 13  21  15  29,  2 13  22   8  77,  2 13  22   8 205 ; DALI  63
12,  64, 2 13  21  11  31,  2 13  22   6  63,  2 13  22   6 191 ; DALI  64
12,  65, 2 13  21  12   0,  2 13  22   6  64,  2 13  22   6 192 ; DALI  65
12,  66, 2 13  21  12   1,  2 13  22   6  65,  2 13  22   6 193 ; DALI  66
12,  67, 2 13  21  12   2,  2 13  22   6  66,  2 13  22   6 194 ; DALI  67
12,  68, 2 13  21  12   3,  2 13  22   6  67,  2 13  22   6 195 ; DALI  68
12,  69, 2 13  21  12   4,  2 13  22   6  68,  2 13  22   6 196 ; DALI  69
12,  70, 2 13  21  12   5,  2 13  22   6  69,  2 13  22   6 197 ; DALI  70
12,  71, 2 13  21  12   6,  2 13  22   6  70,  2 13  22   6 198 ; DALI  71
12,  72, 2 13  21  12   7,  2 13  22   6  71,  2 13  22   6 199 ; DALI  72
12,  73, 2 13  21  15  26,  2 13  22   8  74,  2 13  22   8 202 ; DALI  73
12,  74, 2 13  21  12   9,  2 13  22   6  73,  2 13  22   6 201 ; DALI  74
12,  75, 2 13  21  12  10,  2 13  22   6  74,  2 13  22   6 202 ; DALI  75
12,  76, 2 13  21  12  11,  2 13  22   6  75,  2 13  22   6 203 ; DALI  76
12,  77, 2 13  21  12  12,  2 13  22   6  76,  2 13  22   6 204 ; DALI  77
12,  78, 2 13  21  12  13,  2 13  22   6  77,  2 13  22   6 205 ; DALI  78
12,  79, 2 13  21  12  14,  2 13  22   6  78,  2 13  22   6 206 ; DALI  79
12,  80, 2 13  21  12  15,  2 13  22   6  79,  2 13  22   6 207 ; DALI  80
12,  81, 2 13  21  12  16,  2 13  22   6  80,  2 13  22   6 208 ; DALI  81
12,  82, 2 13  21  12  17,  2 13  22   6  81,  2 13  22   6 209 ; DALI  82
12,  83, 2 13  21  12  18,  2 13  22   6  82,  2 13  22   6 210 ; DALI  83
12,  84, 2 13  21  12  19,  2 13  22   6  83,  2 13  22   6 211 ; DALI  84
12,  85, 2 13  21  12  20,  2 13  22   6  84,  2 13  22   6 212 ; DALI  85
12,  86, 2 13  21  12  21,  2 13  22   6  85,  2 13  22   6 213 ; DALI  86
12,  87, 2 13  21  12  22,  2 13  22   6  86,  2 13  22   6 214 ; DALI  87
12,  88, 2 13  21  12  23,  2 13  22   6  87,  2 13  22   6 215 ; DALI  88
12,  89, 2 13  21  12  24,  2 13  22   6  88,  2 13  22   6 216 ; DALI  89
12,  90, 2 13  21  12  25,  2 13  22   6  89,  2 13  22   6 217 ; DALI  90
12,  91, 2 13  21  12  26,  2 13  22   6  90,  2 13  22   6 218 ; DALI  91
12,  92, 2 13  21  12  27,  2 13  22   6  91,  2 13  22   6 219 ; DALI  92
12,  93, 2 13  21  12  28,  2 13  22   6  92,  2 13  22   6 220 ; DALI  93
12,  94, 2 13  21  12  29,  2 13  22   6  93,  2 13  22   6 221 ; DALI  94
12,  95, 2 13  21  12  30,  2 13  22   6  94,  2 13  22   6 222 ; DALI  95
12,  96, 2 13  21  12  31,  2 13  22   6  95,  2 13  22   6 223 ; DALI  96
12,  97, 2 13  21  13   0,  2 13  22   6  96,  2 13  22   6 224 ; DALI  97
12,  98, 2 13  21  13   1,  2 13  22   6  97,  2 13  22   6 225 ; DALI  98
12,  99, 2 13  21  13   2,  2 13  22   6  98,  2 13  22   6 226 ; DALI  99
12, 100, 2 13  21  13   3,  2 13  22   6  99,  2 13  22   6 227 ; DALI 100
12, 101, 2 13  21  13   4,  2 13  22   6 100,  2 13  22   6 228 ; DALI 101
12, 102, 2 13  21  13   5,  2 13  22   6 101,  2 13  22   6 229 ; DALI 102
12, 103, 2 13  21  13   6,  2 13  22   6 102,  2 13  22   6 230 ; DALI 103
12, 104, 2 13  21  13   7,  2 13  22   6 103,  2 13  22   6 231 ; DALI 104
12, 105, 2 13  21  13   8,  2 13  22   6 104,  2 13  22   6 232 ; DALI 105
12, 106, 2 13  21  13   9,  2 13  22   6 105,  2 13  22   6 233 ; DALI 106
12, 107, 2 13  21  13  10,  2 13  22   6 106,  2 13  22   6 234 ; DALI 107
12, 108, 2 13  21  13  11,  2 13  22   6 107,  2 13  22   6 235 ; DALI 108
12, 109, 2 13  21  13  12,  2 13  22   6 108,  2 13  22   6 236 ; DALI 109
12, 110, 2 13  21  13  13,  2 13  22   6 109,  2 13  22   6 237 ; DALI 110
12, 111, 2 13  21  13  14,  2 13  22   6 110,  2 13  22   6 238 ; DALI 111
12, 112, 2 13  21  13  15,  2 13  22   6 111,  2 13  22   6 239 ; DALI 112
12, 113, 2 13  21  13  16,  2 13  22   8   0,  2 13  22   8 128 ; DALI 113
12, 114, 2 13  21  13  17,  2 13  22   8   1,  2 13  22   8 129 ; DALI 114
12, 115, 2 13  21  13  18,  2 13  22   8   2,  2 13  22   8 130 ; DALI 115
12, 116, 2 13  21  13  19,  2 13  22   8   3,  2 13  22   8 131 ; DALI 116
12, 117, 2 13  21  13  20,  2 13  22   8   4,  2 13  22   8 132 ; DALI 117
12, 118, 2 13  21  13  21,  2 13  22   8   5,  2 13  22   8 133 ; DALI 118
12, 119, 2 13  21  13  22,  2 13  22   8   6,  2 13  22   8 134 ; DALI 119
12, 120, 2 13  21  13  23,  2 13  22   8   7,  2 13  22   8 135 ; DALI 120
12, 121, 2 13  21  13  24,  2 13  22   8   8,  2 13  22   8 136 ; DALI 121
12, 122, 2 13  21  13  25,  2 13  22   8   9,  2 13  22   8 137 ; DALI 122
12, 123, 2 13  21  13  26,  2 13  22   8  10,  2 13  22   8 138 ; DALI 123
12, 124, 2 13  21  13  27,  2 13  22   8  11,  2 13  22   8 139 ; DALI 124
12, 125, 2 13  21  13  28,  2 13  22   8  12,  2 13  22   8 140 ; DALI 125
12, 126, 2 13  21  13  29,  2 13  22   8  13,  2 13  22   8 141 ; DALI 126
12, 127, 2 13  21  13  30,  2 13  22   8  14,  2 13  22   8 142 ; DALI 127
12, 128, 2 13  21  13  31,  2 13  22   8  15,  2 13  22   8 143 ; DALI 128
12, 129, 2 13  21  14   0,  2 13  22   8  16,  2 13  22   8 144 ; DALI 129
12, 130, 2 13  21  14   1,  2 13  22   8  17,  2 13  22   8 145 ; DALI 130
12, 131, 2 13  21  14   2,  2 13  22   8  18,  2 13  22   8 146 ; DALI 131
12, 132, 2 13  21  14   3,  2 13  22   8  19,  2 13  22   8 147 ; DALI 132
12, 133, 2 13  21  14   4,  2 13  22   8  20,  2 13  22   8 148 ; DALI 133
12, 134, 2 13  21  14   5,  2 13  22   8  21,  2 13  22   8 149 ; DALI 134
12, 135, 2 13  21  14   6,  2 13  22   8  22,  2 13  22   8 150 ; DALI 135
12, 136, 2 13  21  14   7,  2 13  22   8  23,  2 13  22   8 151 ; DALI 136
12, 137, 2 13  21  14   8,  2 13  22   8  24,  2 13  22   8 152 ; DALI 137
12, 138, 2 13  21  14   9,  2 13  22   8  25,  2 13  22   8 153 ; DALI 138
12, 139, 2 13  21  14  10,  2 13  22   8  26,  2 13  22   8 154 ; DALI 139
12, 140, 2 13  21  14  11,  2 13  22   8  27,  2 13  22   8 155 ; DALI 140
12, 141, 2 13  21  15  30,  2 13  22   6 127,  2 13  22   6 255 ; DALI 141-ref
12, 142, 2 13  21  15  31,  2 13  22   8 127,  2 13  22   8 255 ; DALI 142-ref
