name,segment,layer,sector,adcm,adcm_conn,type,posx,posy,posz,phi
X1-26,1,1,0,5,1,1,    0,59.99, 80.582, 300
X2-1920,1,2,0,6,1,2,  0,59.99, 101.762, 300
Y1-3735,1,3,0,6,0,3,  0,59.99, 109.272, 300
X1-24,2,1,1,5,0,1,    0,59.99, 80.582,  60 
X2-3536,2,2,1,6,1,2,  0,59.99, 101.762, 60
Y1-4041,2,3,1,6,0,3,  0,59.99, 109.272, 60
X1-20,3,1,0,5,0,1,    0,59.99, 80.582,  120 
X2-1618,3,2,2,6,1,2,  0,59.99, 101.762, 120
Y1-3839,3,3,2,6,0,3,  0,59.99, 109.272, 120
X1-17,4,1,1,5,1,1,    0,59.99, 80.582,  240 
X2-1213,4,2,3,6,1,2,  0,59.99, 101.762, 240
Y1-2829,4,3,3,6,0,3,  0,59.99, 109.272, 240
Y1-0244,5,1,0,7,0,3,  0,1.80, 293.691, 0
X2-2426,5,2,0,7,1,2,  0,1.80, 293.691, 0
X2-3034,5,3,1,7,1,2,
Y1-3334,5,4,1,7,0,3,
X2-2728,6,1,2,7,1,2,
Y1-3032,6,2,2,7,0,3,
Y1-4647,6,3,3,7,0,3,
X2-1415,6,4,3,7,1,2,
